0.000000 0.000000 
0.010000 0.016448 
0.020000 0.023486 
0.030000 0.028919 
0.040000 0.033448 
0.050000 0.037338 
0.060000 0.040723 
0.070000 0.043688 
0.080000 0.046289 
0.090000 0.048570 
0.100000 0.050569 
0.110000 0.052315 
0.120000 0.053837 
0.130000 0.055160 
0.140000 0.056306 
0.150000 0.057297 
0.160000 0.058152 
0.170000 0.058889 
0.180000 0.059526 
0.190000 0.060078 
0.200000 0.060559 
0.210000 0.060983 
0.220000 0.061362 
0.230000 0.061706 
0.240000 0.062025 
0.250000 0.062327 
0.260000 0.062621 
0.270000 0.062912 
0.280000 0.063206 
0.290000 0.063507 
0.300000 0.063819 
0.310000 0.064144 
0.320000 0.064484 
0.330000 0.064841 
0.340000 0.065214 
0.350000 0.065604 
0.360000 0.066008 
0.370000 0.066427 
0.380000 0.066858 
0.390000 0.067298 
0.400000 0.067744 
0.410000 0.068195 
0.420000 0.068645 
0.430000 0.069093 
0.440000 0.069534 
0.450000 0.069964 
0.460000 0.070380 
0.470000 0.070778 
0.480000 0.071154 
0.490000 0.071505 
0.500000 0.071827 
0.510000 0.072116 
0.520000 0.072370 
0.530000 0.072586 
0.540000 0.072762 
0.550000 0.072893 
0.560000 0.072980 
0.570000 0.073020 
0.580000 0.073011 
0.590000 0.072953 
0.600000 0.072844 
0.610000 0.072685 
0.620000 0.072474 
0.630000 0.072212 
0.640000 0.071900 
0.650000 0.071537 
0.660000 0.071124 
0.670000 0.070663 
0.680000 0.070153 
0.690000 0.069596 
0.700000 0.068992 
0.710000 0.068342 
0.720000 0.067647 
0.730000 0.066907 
0.740000 0.066120 
0.750000 0.065288 
0.760000 0.064408 
0.770000 0.063478 
0.780000 0.062495 
0.790000 0.061456 
0.800000 0.060355 
0.810000 0.059186 
0.820000 0.057942 
0.830000 0.056612 
0.840000 0.055186 
0.850000 0.053651 
0.860000 0.051991 
0.870000 0.050188 
0.880000 0.048223 
0.890000 0.046073 
0.900000 0.043710 
0.910000 0.041107 
0.920000 0.038229 
0.930000 0.035041 
0.940000 0.031501 
0.950000 0.027563 
0.960000 0.023180 
0.970000 0.018294 
0.980000 0.012847 
0.990000 0.006773 
1.000000 0.000000 
0.000000 0.000000 
0.010000 -0.024093 
0.020000 -0.033241 
0.030000 -0.039698 
0.040000 -0.044679 
0.050000 -0.048675 
0.060000 -0.051948 
0.070000 -0.054664 
0.080000 -0.056935 
0.090000 -0.058844 
0.100000 -0.060457 
0.110000 -0.061825 
0.120000 -0.062990 
0.130000 -0.063988 
0.140000 -0.064847 
0.150000 -0.065594 
0.160000 -0.066249 
0.170000 -0.066831 
0.180000 -0.067355 
0.190000 -0.067834 
0.200000 -0.068279 
0.210000 -0.068699 
0.220000 -0.069100 
0.230000 -0.069489 
0.240000 -0.069868 
0.250000 -0.070240 
0.260000 -0.070606 
0.270000 -0.070967 
0.280000 -0.071320 
0.290000 -0.071665 
0.300000 -0.071997 
0.310000 -0.072314 
0.320000 -0.072611 
0.330000 -0.072883 
0.340000 -0.073124 
0.350000 -0.073329 
0.360000 -0.073491 
0.370000 -0.073604 
0.380000 -0.073662 
0.390000 -0.073656 
0.400000 -0.073582 
0.410000 -0.073431 
0.420000 -0.073198 
0.430000 -0.072875 
0.440000 -0.072457 
0.450000 -0.071937 
0.460000 -0.071311 
0.470000 -0.070573 
0.480000 -0.069719 
0.490000 -0.068744 
0.500000 -0.067645 
0.510000 -0.066420 
0.520000 -0.065066 
0.530000 -0.063582 
0.540000 -0.061968 
0.550000 -0.060224 
0.560000 -0.058350 
0.570000 -0.056349 
0.580000 -0.054224 
0.590000 -0.051978 
0.600000 -0.049616 
0.610000 -0.047144 
0.620000 -0.044568 
0.630000 -0.041896 
0.640000 -0.039135 
0.650000 -0.036296 
0.660000 -0.033388 
0.670000 -0.030422 
0.680000 -0.027411 
0.690000 -0.024366 
0.700000 -0.021303 
0.710000 -0.018234 
0.720000 -0.015175 
0.730000 -0.012141 
0.740000 -0.009149 
0.750000 -0.006215 
0.760000 -0.003357 
0.770000 -0.000592 
0.780000 0.002062 
0.790000 0.004588 
0.800000 0.006966 
0.810000 0.009179 
0.820000 0.011209 
0.830000 0.013037 
0.840000 0.014647 
0.850000 0.016021 
0.860000 0.017143 
0.870000 0.017998 
0.880000 0.018570 
0.890000 0.018845 
0.900000 0.018812 
0.910000 0.018459 
0.920000 0.017777 
0.930000 0.016758 
0.940000 0.015396 
0.950000 0.013687 
0.960000 0.011631 
0.970000 0.009229 
0.980000 0.006484 
0.990000 0.003404 
1.000000 0.000000 
