0.000000 0.000000 
0.010000 0.009401 
0.020000 0.013424 
0.030000 0.016531 
0.040000 0.019121 
0.050000 0.021345 
0.060000 0.023281 
0.070000 0.024976 
0.080000 0.026464 
0.090000 0.027769 
0.100000 0.028911 
0.110000 0.029910 
0.120000 0.030780 
0.130000 0.031536 
0.140000 0.032191 
0.150000 0.032757 
0.160000 0.033245 
0.170000 0.033667 
0.180000 0.034030 
0.190000 0.034345 
0.200000 0.034620 
0.210000 0.034861 
0.220000 0.035077 
0.230000 0.035273 
0.240000 0.035455 
0.250000 0.035627 
0.260000 0.035794 
0.270000 0.035960 
0.280000 0.036127 
0.290000 0.036299 
0.300000 0.036477 
0.310000 0.036662 
0.320000 0.036856 
0.330000 0.037060 
0.340000 0.037273 
0.350000 0.037495 
0.360000 0.037726 
0.370000 0.037965 
0.380000 0.038211 
0.390000 0.038462 
0.400000 0.038717 
0.410000 0.038975 
0.420000 0.039232 
0.430000 0.039488 
0.440000 0.039740 
0.450000 0.039986 
0.460000 0.040223 
0.470000 0.040451 
0.480000 0.040666 
0.490000 0.040866 
0.500000 0.041050 
0.510000 0.041215 
0.520000 0.041360 
0.530000 0.041484 
0.540000 0.041584 
0.550000 0.041659 
0.560000 0.041708 
0.570000 0.041731 
0.580000 0.041726 
0.590000 0.041692 
0.600000 0.041630 
0.610000 0.041538 
0.620000 0.041417 
0.630000 0.041268 
0.640000 0.041089 
0.650000 0.040881 
0.660000 0.040644 
0.670000 0.040380 
0.680000 0.040089 
0.690000 0.039770 
0.700000 0.039424 
0.710000 0.039053 
0.720000 0.038655 
0.730000 0.038232 
0.740000 0.037783 
0.750000 0.037307 
0.760000 0.036804 
0.770000 0.036272 
0.780000 0.035711 
0.790000 0.035117 
0.800000 0.034488 
0.810000 0.033821 
0.820000 0.033110 
0.830000 0.032350 
0.840000 0.031536 
0.850000 0.030659 
0.860000 0.029711 
0.870000 0.028682 
0.880000 0.027560 
0.890000 0.026331 
0.900000 0.024982 
0.910000 0.023495 
0.920000 0.021851 
0.930000 0.020029 
0.940000 0.018006 
0.950000 0.015756 
0.960000 0.013251 
0.970000 0.010459 
0.980000 0.007345 
0.990000 0.003872 
1.000000 0.000000 
0.000000 0.000000 
0.010000 -0.013765 
0.020000 -0.018993 
0.030000 -0.022682 
0.040000 -0.025529 
0.050000 -0.027813 
0.060000 -0.029684 
0.070000 -0.031236 
0.080000 -0.032534 
0.090000 -0.033626 
0.100000 -0.034548 
0.110000 -0.035330 
0.120000 -0.035996 
0.130000 -0.036566 
0.140000 -0.037057 
0.150000 -0.037483 
0.160000 -0.037858 
0.170000 -0.038190 
0.180000 -0.038489 
0.190000 -0.038763 
0.200000 -0.039017 
0.210000 -0.039257 
0.220000 -0.039486 
0.230000 -0.039707 
0.240000 -0.039923 
0.250000 -0.040136 
0.260000 -0.040345 
0.270000 -0.040550 
0.280000 -0.040752 
0.290000 -0.040948 
0.300000 -0.041138 
0.310000 -0.041319 
0.320000 -0.041488 
0.330000 -0.041643 
0.340000 -0.041781 
0.350000 -0.041898 
0.360000 -0.041990 
0.370000 -0.042055 
0.380000 -0.042087 
0.390000 -0.042084 
0.400000 -0.042042 
0.410000 -0.041956 
0.420000 -0.041822 
0.430000 -0.041638 
0.440000 -0.041399 
0.450000 -0.041102 
0.460000 -0.040744 
0.470000 -0.040323 
0.480000 -0.039835 
0.490000 -0.039278 
0.500000 -0.038650 
0.510000 -0.037950 
0.520000 -0.037177 
0.530000 -0.036329 
0.540000 -0.035407 
0.550000 -0.034410 
0.560000 -0.033339 
0.570000 -0.032196 
0.580000 -0.030982 
0.590000 -0.029699 
0.600000 -0.028349 
0.610000 -0.026937 
0.620000 -0.025465 
0.630000 -0.023938 
0.640000 -0.022360 
0.650000 -0.020738 
0.660000 -0.019076 
0.670000 -0.017382 
0.680000 -0.015661 
0.690000 -0.013922 
0.700000 -0.012171 
0.710000 -0.010418 
0.720000 -0.008670 
0.730000 -0.006937 
0.740000 -0.005227 
0.750000 -0.003551 
0.760000 -0.001918 
0.770000 -0.000338 
0.780000 0.001179 
0.790000 0.002621 
0.800000 0.003980 
0.810000 0.005244 
0.820000 0.006404 
0.830000 0.007448 
0.840000 0.008368 
0.850000 0.009153 
0.860000 0.009794 
0.870000 0.010282 
0.880000 0.010608 
0.890000 0.010765 
0.900000 0.010746 
0.910000 0.010544 
0.920000 0.010154 
0.930000 0.009572 
0.940000 0.008794 
0.950000 0.007817 
0.960000 0.006643 
0.970000 0.005270 
0.980000 0.003703 
0.990000 0.001944 
1.000000 0.000000 
